
fs = 44100;
 
a = [0.530290186405181884765625 0  -0.095831863582134246826171875];    
b = [1 0 0.3738779127597808837890625];               
freqz(b,a,[],fs)
